Sent,Received,Returned,Frames,Nodes
3644328627591,3644360456944,3644480525126,3,15
3644333740994,3644453573042,3644488495073,3,15
3644338823078,3644472894165,3644527026847,3,15
